{"data":[{"x":[[-7.333333333333334,-5.737765466297322,-4.319482917820869,-3.078485687903971,-2.01477377654663,-1.1283471837488461,-0.4192059095106191,0.11265004616805141,0.46722068328716504,0.6445060018467219,0.644506001846722,0.46722068328716504,0.11265004616805185,-0.41920590951061776,-1.1283471837488452,-2.01477377654663,-3.0784856879039695,-4.319482917820865,-5.73776546629732,-7.333333333333334],[-7.03727462701074,-5.60966127229431,-4.340671623657482,-3.2303056811002575,-2.2785634446226375,-1.4854449142246198,-0.8509500899062059,-0.3750789716673956,-0.05783155950818869,0.10079214657141482,0.1007921465714149,-0.05783155950818869,-0.37507897166739523,-0.8509500899062049,-1.485444914224619,-2.2785634446226375,-3.2303056811002566,-4.340671623657479,-5.609661272294308,-7.03727462701074],[-6.582592214608543,-5.3229333722116925,-4.203236623414492,-3.223501968216942,-2.3837294066190404,-1.6839189386207905,-1.12407056422219,-0.7041842834232397,-0.42426009622393945,-0.2842980026242893,-0.2842980026242892,-0.42426009622393945,-0.7041842834232392,-1.1240705642221889,-1.6839189386207896,-2.3837294066190404,-3.22350196821694,-4.203236623414489,-5.322933372211692,-6.582592214608543],[-5.987947708606697,-4.896243378529427,-3.9258395295718524,-3.076736161733975,-2.3489332750157947,-1.7424308694173107,-1.2572289449385239,-0.8933275015794334,-0.6507265393400399,-0.529426058220343,-0.529426058220343,-0.6507265393400399,-0.8933275015794331,-1.2572289449385228,-1.7424308694173103,-2.3489332750157947,-3.0767361617339746,-3.9258395295718502,-4.896243378529425,-5.987947708606697],[-5.272002721485153,-4.348252903727463,-3.5271419546095157,-2.808669874131312,-2.1928366622928515,-1.6796423190941345,-1.2690868445351606,-0.9611702386159304,-0.7558925013364436,-0.6532536326967002,-0.6532536326967001,-0.7558925013364436,-0.9611702386159302,-1.26908684453516,-1.679642319094134,-2.1928366622928515,-2.808669874131311,-3.527141954609514,-4.348252903727461,-5.272002721485153],[-4.453418865723867,-3.6976235602857557,-3.0258055110074356,-2.4379647178889052,-1.934101180930165,-1.5142149001312146,-1.1783058754920543,-0.9263741070126842,-0.758419594693104,-0.6744423385333139,-0.6744423385333139,-0.758419594693104,-0.926374107012684,-1.1783058754920537,-1.5142149001312142,-1.934101180930165,-2.437964717888905,-3.0258055110074347,-3.6976235602857557,-4.453418865723867],[-3.5508577538027897,-2.96301696068426,-2.4404918112455656,-1.9832823054867088,-1.5913884434076884,-1.264810225008505,-1.003547650289158,-0.8076007192496478,-0.6769694318899744,-0.6116537882101376,-0.6116537882101376,-0.6769694318899744,-0.8076007192496477,-1.0035476502891576,-1.2648102250085045,-1.5913884434076884,-1.9832823054867084,-2.4404918112455647,-2.963016960684259,-3.5508577538027897],[-2.5829809982018763,-2.163094717402926,-1.789862467803859,-1.4632842494046754,-1.183360062205375,-0.9500899062059582,-0.7634737814064247,-0.6235116878067747,-0.5302036254070079,-0.4835495942071245,-0.4835495942071245,-0.5302036254070079,-0.6235116878067746,-0.7634737814064245,-0.9500899062059581,-1.183360062205375,-1.4632842494046752,-1.7898624678038584,-2.1630947174029256,-2.5829809982018763],[-1.5684502114010792,-1.316518442921709,-1.0925790931622688,-0.8966321621227588,-0.7286776498031785,-0.5887155562035284,-0.4767458813238083,-0.3927686251640182,-0.3367837877241581,-0.3087913690042281,-0.3087913690042281,-0.3367837877241581,-0.3927686251640181,-0.4767458813238081,-0.5887155562035282,-0.7286776498031785,-0.8966321621227585,-1.0925790931622683,-1.316518442921709,-1.5684502114010792],[-0.5259270058803523,-0.4419497497205622,-0.36730329980074883,-0.30198765612091205,-0.24600281868105192,-0.19934878748116852,-0.16202556252126177,-0.13403314380133172,-0.11537153132137837,-0.10604072508140168,-0.10604072508140167,-0.11537153132137837,-0.1340331438013317,-0.1620255625212617,-0.19934878748116847,-0.24600281868105192,-0.30198765612091194,-0.3673032998007486,-0.4419497497205621,-0.5259270058803523],[0.5259270058803512,0.44194974972056134,0.36730329980074805,0.3019876561209114,0.2460028186810514,0.19934878748116808,0.16202556252126143,0.13403314380133144,0.11537153132137812,0.10604072508140146,0.10604072508140144,0.11537153132137812,0.1340331438013314,0.16202556252126138,0.19934878748116802,0.2460028186810514,0.3019876561209113,0.36730329980074783,0.4419497497205612,0.5259270058803512],[1.5684502114010792,1.316518442921709,1.0925790931622688,0.8966321621227588,0.7286776498031785,0.5887155562035284,0.4767458813238083,0.3927686251640182,0.3367837877241581,0.3087913690042281,0.3087913690042281,0.3367837877241581,0.3927686251640181,0.4767458813238081,0.5887155562035282,0.7286776498031785,0.8966321621227585,1.0925790931622683,1.316518442921709,1.5684502114010792],[2.582980998201875,2.163094717402925,1.7898624678038584,1.4632842494046747,1.1833600622053746,0.950089906205958,0.7634737814064245,0.6235116878067745,0.5302036254070077,0.48354959420712434,0.48354959420712434,0.5302036254070077,0.6235116878067744,0.7634737814064241,0.9500899062059578,1.1833600622053746,1.4632842494046745,1.7898624678038575,2.1630947174029247,2.582980998201875],[3.550857753802788,2.963016960684258,2.4404918112455642,1.9832823054867077,1.5913884434076877,1.2648102250085043,1.0035476502891576,0.8076007192496475,0.6769694318899742,0.6116537882101374,0.6116537882101374,0.6769694318899742,0.8076007192496473,1.0035476502891572,1.264810225008504,1.5913884434076877,1.983282305486707,2.4404918112455634,2.963016960684257,3.550857753802788],[4.453418865723866,3.6976235602857557,3.0258055110074347,2.437964717888905,1.9341011809301647,1.5142149001312144,1.1783058754920543,0.9263741070126841,0.758419594693104,0.6744423385333139,0.6744423385333139,0.758419594693104,0.9263741070126839,1.1783058754920537,1.514214900131214,1.9341011809301647,2.4379647178889043,3.025805511007434,3.697623560285755,4.453418865723866],[5.272002721485153,4.348252903727463,3.5271419546095157,2.808669874131312,2.1928366622928515,1.6796423190941345,1.2690868445351606,0.9611702386159304,0.7558925013364436,0.6532536326967002,0.6532536326967001,0.7558925013364436,0.9611702386159302,1.26908684453516,1.679642319094134,2.1928366622928515,2.808669874131311,3.527141954609514,4.348252903727461,5.272002721485153],[5.987947708606696,4.896243378529426,3.925839529571852,3.076736161733975,2.3489332750157943,1.7424308694173107,1.2572289449385239,0.8933275015794335,0.6507265393400401,0.5294260582203433,0.5294260582203433,0.6507265393400401,0.8933275015794333,1.257228944938523,1.7424308694173103,2.3489332750157943,3.0767361617339737,3.9258395295718493,4.896243378529424,5.987947708606696],[6.5825922146085425,5.322933372211692,4.203236623414492,3.223501968216941,2.383729406619041,1.6839189386207907,1.1240705642221904,0.7041842834232402,0.42426009622394006,0.28429800262428995,0.2842980026242899,0.42426009622394006,0.7041842834232398,1.1240705642221895,1.68391893862079,2.383729406619041,3.22350196821694,4.20323662341449,5.322933372211691,6.5825922146085425],[7.03727462701074,5.609661272294309,4.340671623657482,3.230305681100258,2.278563444622637,1.4854449142246202,0.8509500899062066,0.37507897166739623,0.057831559508189356,-0.10079214657141415,-0.10079214657141423,0.057831559508189356,0.37507897166739584,0.8509500899062054,1.4854449142246196,2.278563444622637,3.2303056811002566,4.34067162365748,5.609661272294307,7.03727462701074],[7.333333333333334,5.737765466297322,4.319482917820869,3.078485687903971,2.01477377654663,1.1283471837488461,0.4192059095106191,-0.11265004616805141,-0.46722068328716504,-0.6445060018467219,-0.644506001846722,-0.46722068328716504,-0.11265004616805185,0.41920590951061776,1.1283471837488452,2.01477377654663,3.0784856879039695,4.319482917820865,5.73776546629732,7.333333333333334]],"y":[[-7.333333333333334,-7.03727462701074,-6.582592214608543,-5.987947708606697,-5.272002721485153,-4.453418865723867,-3.5508577538027897,-2.5829809982018763,-1.5684502114010792,-0.5259270058803523,0.5259270058803512,1.5684502114010792,2.582980998201875,3.550857753802788,4.453418865723866,5.272002721485153,5.987947708606696,6.5825922146085425,7.03727462701074,7.333333333333334],[-5.737765466297322,-5.60966127229431,-5.3229333722116925,-4.896243378529427,-4.348252903727463,-3.6976235602857557,-2.96301696068426,-2.163094717402926,-1.316518442921709,-0.4419497497205622,0.44194974972056134,1.316518442921709,2.163094717402925,2.963016960684258,3.6976235602857557,4.348252903727463,4.896243378529426,5.322933372211692,5.609661272294309,5.737765466297322],[-4.319482917820869,-4.340671623657482,-4.203236623414492,-3.9258395295718524,-3.5271419546095157,-3.0258055110074356,-2.4404918112455656,-1.789862467803859,-1.0925790931622688,-0.36730329980074883,0.36730329980074805,1.0925790931622688,1.7898624678038584,2.4404918112455642,3.0258055110074347,3.5271419546095157,3.925839529571852,4.203236623414492,4.340671623657482,4.319482917820869],[-3.078485687903971,-3.2303056811002575,-3.223501968216942,-3.076736161733975,-2.808669874131312,-2.4379647178889052,-1.9832823054867088,-1.4632842494046754,-0.8966321621227588,-0.30198765612091205,0.3019876561209114,0.8966321621227588,1.4632842494046747,1.9832823054867077,2.437964717888905,2.808669874131312,3.076736161733975,3.223501968216941,3.230305681100258,3.078485687903971],[-2.01477377654663,-2.2785634446226375,-2.3837294066190404,-2.3489332750157947,-2.1928366622928515,-1.934101180930165,-1.5913884434076884,-1.183360062205375,-0.7286776498031785,-0.24600281868105192,0.2460028186810514,0.7286776498031785,1.1833600622053746,1.5913884434076877,1.9341011809301647,2.1928366622928515,2.3489332750157943,2.383729406619041,2.278563444622637,2.01477377654663],[-1.1283471837488461,-1.4854449142246198,-1.6839189386207905,-1.7424308694173107,-1.6796423190941345,-1.5142149001312146,-1.264810225008505,-0.9500899062059582,-0.5887155562035284,-0.19934878748116852,0.19934878748116808,0.5887155562035284,0.950089906205958,1.2648102250085043,1.5142149001312144,1.6796423190941345,1.7424308694173107,1.6839189386207907,1.4854449142246202,1.1283471837488461],[-0.4192059095106191,-0.8509500899062059,-1.12407056422219,-1.2572289449385239,-1.2690868445351606,-1.1783058754920543,-1.003547650289158,-0.7634737814064247,-0.4767458813238083,-0.16202556252126177,0.16202556252126143,0.4767458813238083,0.7634737814064245,1.0035476502891576,1.1783058754920543,1.2690868445351606,1.2572289449385239,1.1240705642221904,0.8509500899062066,0.4192059095106191],[0.11265004616805141,-0.3750789716673956,-0.7041842834232397,-0.8933275015794334,-0.9611702386159304,-0.9263741070126842,-0.8076007192496478,-0.6235116878067747,-0.3927686251640182,-0.13403314380133172,0.13403314380133144,0.3927686251640182,0.6235116878067745,0.8076007192496475,0.9263741070126841,0.9611702386159304,0.8933275015794335,0.7041842834232402,0.37507897166739623,-0.11265004616805141],[0.46722068328716504,-0.05783155950818869,-0.42426009622393945,-0.6507265393400399,-0.7558925013364436,-0.758419594693104,-0.6769694318899744,-0.5302036254070079,-0.3367837877241581,-0.11537153132137837,0.11537153132137812,0.3367837877241581,0.5302036254070077,0.6769694318899742,0.758419594693104,0.7558925013364436,0.6507265393400401,0.42426009622394006,0.057831559508189356,-0.46722068328716504],[0.6445060018467219,0.10079214657141482,-0.2842980026242893,-0.529426058220343,-0.6532536326967002,-0.6744423385333139,-0.6116537882101376,-0.4835495942071245,-0.3087913690042281,-0.10604072508140168,0.10604072508140146,0.3087913690042281,0.48354959420712434,0.6116537882101374,0.6744423385333139,0.6532536326967002,0.5294260582203433,0.28429800262428995,-0.10079214657141415,-0.6445060018467219],[0.644506001846722,0.1007921465714149,-0.2842980026242892,-0.529426058220343,-0.6532536326967001,-0.6744423385333139,-0.6116537882101376,-0.4835495942071245,-0.3087913690042281,-0.10604072508140167,0.10604072508140144,0.3087913690042281,0.48354959420712434,0.6116537882101374,0.6744423385333139,0.6532536326967001,0.5294260582203433,0.2842980026242899,-0.10079214657141423,-0.644506001846722],[0.46722068328716504,-0.05783155950818869,-0.42426009622393945,-0.6507265393400399,-0.7558925013364436,-0.758419594693104,-0.6769694318899744,-0.5302036254070079,-0.3367837877241581,-0.11537153132137837,0.11537153132137812,0.3367837877241581,0.5302036254070077,0.6769694318899742,0.758419594693104,0.7558925013364436,0.6507265393400401,0.42426009622394006,0.057831559508189356,-0.46722068328716504],[0.11265004616805185,-0.37507897166739523,-0.7041842834232392,-0.8933275015794331,-0.9611702386159302,-0.926374107012684,-0.8076007192496477,-0.6235116878067746,-0.3927686251640181,-0.1340331438013317,0.1340331438013314,0.3927686251640181,0.6235116878067744,0.8076007192496473,0.9263741070126839,0.9611702386159302,0.8933275015794333,0.7041842834232398,0.37507897166739584,-0.11265004616805185],[-0.41920590951061776,-0.8509500899062049,-1.1240705642221889,-1.2572289449385228,-1.26908684453516,-1.1783058754920537,-1.0035476502891576,-0.7634737814064245,-0.4767458813238081,-0.1620255625212617,0.16202556252126138,0.4767458813238081,0.7634737814064241,1.0035476502891572,1.1783058754920537,1.26908684453516,1.257228944938523,1.1240705642221895,0.8509500899062054,0.41920590951061776],[-1.1283471837488452,-1.485444914224619,-1.6839189386207896,-1.7424308694173103,-1.679642319094134,-1.5142149001312142,-1.2648102250085045,-0.9500899062059581,-0.5887155562035282,-0.19934878748116847,0.19934878748116802,0.5887155562035282,0.9500899062059578,1.264810225008504,1.514214900131214,1.679642319094134,1.7424308694173103,1.68391893862079,1.4854449142246196,1.1283471837488452],[-2.01477377654663,-2.2785634446226375,-2.3837294066190404,-2.3489332750157947,-2.1928366622928515,-1.934101180930165,-1.5913884434076884,-1.183360062205375,-0.7286776498031785,-0.24600281868105192,0.2460028186810514,0.7286776498031785,1.1833600622053746,1.5913884434076877,1.9341011809301647,2.1928366622928515,2.3489332750157943,2.383729406619041,2.278563444622637,2.01477377654663],[-3.0784856879039695,-3.2303056811002566,-3.22350196821694,-3.0767361617339746,-2.808669874131311,-2.437964717888905,-1.9832823054867084,-1.4632842494046752,-0.8966321621227585,-0.30198765612091194,0.3019876561209113,0.8966321621227585,1.4632842494046745,1.983282305486707,2.4379647178889043,2.808669874131311,3.0767361617339737,3.22350196821694,3.2303056811002566,3.0784856879039695],[-4.319482917820865,-4.340671623657479,-4.203236623414489,-3.9258395295718502,-3.527141954609514,-3.0258055110074347,-2.4404918112455647,-1.7898624678038584,-1.0925790931622683,-0.3673032998007486,0.36730329980074783,1.0925790931622683,1.7898624678038575,2.4404918112455634,3.025805511007434,3.527141954609514,3.9258395295718493,4.20323662341449,4.34067162365748,4.319482917820865],[-5.73776546629732,-5.609661272294308,-5.322933372211692,-4.896243378529425,-4.348252903727461,-3.6976235602857557,-2.963016960684259,-2.1630947174029256,-1.316518442921709,-0.4419497497205621,0.4419497497205612,1.316518442921709,2.1630947174029247,2.963016960684257,3.697623560285755,4.348252903727461,4.896243378529424,5.322933372211691,5.609661272294307,5.73776546629732],[-7.333333333333334,-7.03727462701074,-6.582592214608543,-5.987947708606697,-5.272002721485153,-4.453418865723867,-3.5508577538027897,-2.5829809982018763,-1.5684502114010792,-0.5259270058803523,0.5259270058803512,1.5684502114010792,2.582980998201875,3.550857753802788,4.453418865723866,5.272002721485153,5.987947708606696,6.5825922146085425,7.03727462701074,7.333333333333334]],"z":[[0.0,0.7977839335180055,1.5069252077562325,2.1274238227146816,2.6592797783933517,3.1024930747922435,3.457063711911357,3.7229916897506925,3.9002770083102494,3.988919667590028,3.988919667590028,3.9002770083102494,3.7229916897506925,3.457063711911358,3.1024930747922443,2.6592797783933517,2.127423822714682,1.5069252077562338,0.7977839335180064,0.0],[-0.7977839335180055,0.0,0.709141274238227,1.3296398891966759,1.8614958448753463,2.3047091412742384,2.6592797783933517,2.925207756232687,3.102493074792244,3.1911357340720223,3.1911357340720223,3.102493074792244,2.925207756232687,2.659279778393352,2.3047091412742384,1.8614958448753463,1.3296398891966765,0.7091412742382284,8.881784197001252e-16,-0.7977839335180055],[-1.5069252077562325,-0.709141274238227,0.0,0.6204986149584488,1.1523545706371192,1.5955678670360112,1.9501385041551247,2.21606648199446,2.393351800554017,2.4819944598337953,2.4819944598337953,2.393351800554017,2.21606648199446,1.9501385041551254,1.5955678670360116,1.1523545706371192,0.6204986149584495,1.3322676295501878e-15,-0.7091412742382261,-1.5069252077562325],[-2.1274238227146816,-1.3296398891966759,-0.6204986149584488,0.0,0.5318559556786704,0.9750692520775623,1.3296398891966759,1.5955678670360112,1.7728531855955678,1.8614958448753463,1.8614958448753465,1.7728531855955678,1.5955678670360114,1.3296398891966765,0.9750692520775628,0.5318559556786704,6.661338147750939e-16,-0.6204986149584475,-1.329639889196675,-2.1274238227146816],[-2.6592797783933517,-1.8614958448753463,-1.1523545706371192,-0.5318559556786704,0.0,0.44321329639889195,0.7977839335180055,1.0637119113573408,1.2409972299168974,1.3296398891966759,1.329639889196676,1.2409972299168974,1.063711911357341,0.7977839335180061,0.4432132963988924,0.0,-0.5318559556786697,-1.1523545706371179,-1.8614958448753454,-2.6592797783933517],[-3.1024930747922435,-2.3047091412742384,-1.5955678670360112,-0.9750692520775623,-0.44321329639889195,0.0,0.3545706371191135,0.6204986149584488,0.7977839335180056,0.886426592797784,0.886426592797784,0.7977839335180056,0.620498614958449,0.3545706371191142,4.440892098500626e-16,-0.44321329639889195,-0.9750692520775617,-1.5955678670360098,-2.3047091412742375,-3.1024930747922435],[-3.457063711911357,-2.6592797783933517,-1.9501385041551247,-1.3296398891966759,-0.7977839335180055,-0.3545706371191135,0.0,0.26592797783933525,0.44321329639889206,0.5318559556786705,0.5318559556786705,0.44321329639889206,0.26592797783933547,6.661338147750939e-16,-0.3545706371191131,-0.7977839335180055,-1.3296398891966752,-1.9501385041551234,-2.659279778393351,-3.457063711911357],[-3.7229916897506925,-2.925207756232687,-2.21606648199446,-1.5955678670360112,-1.0637119113573408,-0.6204986149584488,-0.26592797783933525,0.0,0.17728531855955681,0.26592797783933525,0.2659279778393353,0.17728531855955681,2.220446049250313e-16,-0.2659279778393346,-0.6204986149584484,-1.0637119113573408,-1.5955678670360105,-2.2160664819944587,-2.925207756232686,-3.7229916897506925],[-3.9002770083102494,-3.102493074792244,-2.393351800554017,-1.7728531855955678,-1.2409972299168974,-0.7977839335180056,-0.44321329639889206,-0.17728531855955681,0.0,0.08864265927977844,0.08864265927977848,0.0,-0.1772853185595566,-0.4432132963988914,-0.7977839335180051,-1.2409972299168974,-1.7728531855955671,-2.3933518005540155,-3.102493074792243,-3.9002770083102494],[-3.988919667590028,-3.1911357340720223,-2.4819944598337953,-1.8614958448753463,-1.3296398891966759,-0.886426592797784,-0.5318559556786705,-0.26592797783933525,-0.08864265927977844,0.0,4.683753385137379e-17,-0.08864265927977844,-0.26592797783933503,-0.5318559556786698,-0.8864265927977836,-1.3296398891966759,-1.8614958448753456,-2.481994459833794,-3.1911357340720214,-3.988919667590028],[-3.988919667590028,-3.1911357340720223,-2.4819944598337953,-1.8614958448753465,-1.329639889196676,-0.886426592797784,-0.5318559556786705,-0.2659279778393353,-0.08864265927977848,-4.683753385137379e-17,0.0,-0.08864265927977848,-0.2659279778393351,-0.5318559556786698,-0.8864265927977836,-1.329639889196676,-1.8614958448753458,-2.481994459833794,-3.1911357340720214,-3.988919667590028],[-3.9002770083102494,-3.102493074792244,-2.393351800554017,-1.7728531855955678,-1.2409972299168974,-0.7977839335180056,-0.44321329639889206,-0.17728531855955681,0.0,0.08864265927977844,0.08864265927977848,0.0,-0.1772853185595566,-0.4432132963988914,-0.7977839335180051,-1.2409972299168974,-1.7728531855955671,-2.3933518005540155,-3.102493074792243,-3.9002770083102494],[-3.7229916897506925,-2.925207756232687,-2.21606648199446,-1.5955678670360114,-1.063711911357341,-0.620498614958449,-0.26592797783933547,-2.220446049250313e-16,0.1772853185595566,0.26592797783933503,0.2659279778393351,0.1772853185595566,0.0,-0.2659279778393348,-0.6204986149584486,-1.063711911357341,-1.5955678670360107,-2.2160664819944587,-2.925207756232686,-3.7229916897506925],[-3.457063711911358,-2.659279778393352,-1.9501385041551254,-1.3296398891966765,-0.7977839335180061,-0.3545706371191142,-6.661338147750939e-16,0.2659279778393346,0.4432132963988914,0.5318559556786698,0.5318559556786698,0.4432132963988914,0.2659279778393348,0.0,-0.35457063711911374,-0.7977839335180061,-1.3296398891966759,-1.950138504155124,-2.6592797783933513,-3.457063711911358],[-3.1024930747922443,-2.3047091412742384,-1.5955678670360116,-0.9750692520775628,-0.4432132963988924,-4.440892098500626e-16,0.3545706371191131,0.6204986149584484,0.7977839335180051,0.8864265927977836,0.8864265927977836,0.7977839335180051,0.6204986149584486,0.35457063711911374,0.0,-0.4432132963988924,-0.9750692520775621,-1.5955678670360103,-2.3047091412742375,-3.1024930747922443],[-2.6592797783933517,-1.8614958448753463,-1.1523545706371192,-0.5318559556786704,0.0,0.44321329639889195,0.7977839335180055,1.0637119113573408,1.2409972299168974,1.3296398891966759,1.329639889196676,1.2409972299168974,1.063711911357341,0.7977839335180061,0.4432132963988924,0.0,-0.5318559556786697,-1.1523545706371179,-1.8614958448753454,-2.6592797783933517],[-2.127423822714682,-1.3296398891966765,-0.6204986149584495,-6.661338147750939e-16,0.5318559556786697,0.9750692520775617,1.3296398891966752,1.5955678670360105,1.7728531855955671,1.8614958448753456,1.8614958448753458,1.7728531855955671,1.5955678670360107,1.3296398891966759,0.9750692520775621,0.5318559556786697,0.0,-0.6204986149584482,-1.3296398891966756,-2.127423822714682],[-1.5069252077562338,-0.7091412742382284,-1.3322676295501878e-15,0.6204986149584475,1.1523545706371179,1.5955678670360098,1.9501385041551234,2.2160664819944587,2.3933518005540155,2.481994459833794,2.481994459833794,2.3933518005540155,2.2160664819944587,1.950138504155124,1.5955678670360103,1.1523545706371179,0.6204986149584482,0.0,-0.7091412742382275,-1.5069252077562338],[-0.7977839335180064,-8.881784197001252e-16,0.7091412742382261,1.329639889196675,1.8614958448753454,2.3047091412742375,2.659279778393351,2.925207756232686,3.102493074792243,3.1911357340720214,3.1911357340720214,3.102493074792243,2.925207756232686,2.6592797783933513,2.3047091412742375,1.8614958448753454,1.3296398891966756,0.7091412742382275,0.0,-0.7977839335180064],[0.0,0.7977839335180055,1.5069252077562325,2.1274238227146816,2.6592797783933517,3.1024930747922435,3.457063711911357,3.7229916897506925,3.9002770083102494,3.988919667590028,3.988919667590028,3.9002770083102494,3.7229916897506925,3.457063711911358,3.1024930747922443,2.6592797783933517,2.127423822714682,1.5069252077562338,0.7977839335180064,0.0]],"type":"surface","showscale":false}],"layout":{"template":{"data":{"histogram2dcontour":[{"type":"histogram2dcontour","colorbar":{"outlinewidth":0,"ticks":""},"colorscale":[[0.0,"#0d0887"],[0.1111111111111111,"#46039f"],[0.2222222222222222,"#7201a8"],[0.3333333333333333,"#9c179e"],[0.4444444444444444,"#bd3786"],[0.5555555555555556,"#d8576b"],[0.6666666666666666,"#ed7953"],[0.7777777777777778,"#fb9f3a"],[0.8888888888888888,"#fdca26"],[1.0,"#f0f921"]]}],"choropleth":[{"type":"choropleth","colorbar":{"outlinewidth":0,"ticks":""}}],"histogram2d":[{"type":"histogram2d","colorbar":{"outlinewidth":0,"ticks":""},"colorscale":[[0.0,"#0d0887"],[0.1111111111111111,"#46039f"],[0.2222222222222222,"#7201a8"],[0.3333333333333333,"#9c179e"],[0.4444444444444444,"#bd3786"],[0.5555555555555556,"#d8576b"],[0.6666666666666666,"#ed7953"],[0.7777777777777778,"#fb9f3a"],[0.8888888888888888,"#fdca26"],[1.0,"#f0f921"]]}],"heatmap":[{"type":"heatmap","colorbar":{"outlinewidth":0,"ticks":""},"colorscale":[[0.0,"#0d0887"],[0.1111111111111111,"#46039f"],[0.2222222222222222,"#7201a8"],[0.3333333333333333,"#9c179e"],[0.4444444444444444,"#bd3786"],[0.5555555555555556,"#d8576b"],[0.6666666666666666,"#ed7953"],[0.7777777777777778,"#fb9f3a"],[0.8888888888888888,"#fdca26"],[1.0,"#f0f921"]]}],"heatmapgl":[{"type":"heatmapgl","colorbar":{"outlinewidth":0,"ticks":""},"colorscale":[[0.0,"#0d0887"],[0.1111111111111111,"#46039f"],[0.2222222222222222,"#7201a8"],[0.3333333333333333,"#9c179e"],[0.4444444444444444,"#bd3786"],[0.5555555555555556,"#d8576b"],[0.6666666666666666,"#ed7953"],[0.7777777777777778,"#fb9f3a"],[0.8888888888888888,"#fdca26"],[1.0,"#f0f921"]]}],"contourcarpet":[{"type":"contourcarpet","colorbar":{"outlinewidth":0,"ticks":""}}],"contour":[{"type":"contour","colorbar":{"outlinewidth":0,"ticks":""},"colorscale":[[0.0,"#0d0887"],[0.1111111111111111,"#46039f"],[0.2222222222222222,"#7201a8"],[0.3333333333333333,"#9c179e"],[0.4444444444444444,"#bd3786"],[0.5555555555555556,"#d8576b"],[0.6666666666666666,"#ed7953"],[0.7777777777777778,"#fb9f3a"],[0.8888888888888888,"#fdca26"],[1.0,"#f0f921"]]}],"surface":[{"type":"surface","colorbar":{"outlinewidth":0,"ticks":""},"colorscale":[[0.0,"#0d0887"],[0.1111111111111111,"#46039f"],[0.2222222222222222,"#7201a8"],[0.3333333333333333,"#9c179e"],[0.4444444444444444,"#bd3786"],[0.5555555555555556,"#d8576b"],[0.6666666666666666,"#ed7953"],[0.7777777777777778,"#fb9f3a"],[0.8888888888888888,"#fdca26"],[1.0,"#f0f921"]]}],"mesh3d":[{"type":"mesh3d","colorbar":{"outlinewidth":0,"ticks":""}}],"scatter":[{"fillpattern":{"fillmode":"overlay","size":10,"solidity":0.2},"type":"scatter"}],"parcoords":[{"type":"parcoords","line":{"colorbar":{"outlinewidth":0,"ticks":""}}}],"scatterpolargl":[{"type":"scatterpolargl","marker":{"colorbar":{"outlinewidth":0,"ticks":""}}}],"bar":[{"error_x":{"color":"#2a3f5f"},"error_y":{"color":"#2a3f5f"},"marker":{"line":{"color":"#E5ECF6","width":0.5},"pattern":{"fillmode":"overlay","size":10,"solidity":0.2}},"type":"bar"}],"scattergeo":[{"type":"scattergeo","marker":{"colorbar":{"outlinewidth":0,"ticks":""}}}],"scatterpolar":[{"type":"scatterpolar","marker":{"colorbar":{"outlinewidth":0,"ticks":""}}}],"histogram":[{"marker":{"pattern":{"fillmode":"overlay","size":10,"solidity":0.2}},"type":"histogram"}],"scattergl":[{"type":"scattergl","marker":{"colorbar":{"outlinewidth":0,"ticks":""}}}],"scatter3d":[{"type":"scatter3d","line":{"colorbar":{"outlinewidth":0,"ticks":""}},"marker":{"colorbar":{"outlinewidth":0,"ticks":""}}}],"scattermapbox":[{"type":"scattermapbox","marker":{"colorbar":{"outlinewidth":0,"ticks":""}}}],"scatterternary":[{"type":"scatterternary","marker":{"colorbar":{"outlinewidth":0,"ticks":""}}}],"scattercarpet":[{"type":"scattercarpet","marker":{"colorbar":{"outlinewidth":0,"ticks":""}}}],"carpet":[{"aaxis":{"endlinecolor":"#2a3f5f","gridcolor":"white","linecolor":"white","minorgridcolor":"white","startlinecolor":"#2a3f5f"},"baxis":{"endlinecolor":"#2a3f5f","gridcolor":"white","linecolor":"white","minorgridcolor":"white","startlinecolor":"#2a3f5f"},"type":"carpet"}],"table":[{"cells":{"fill":{"color":"#EBF0F8"},"line":{"color":"white"}},"header":{"fill":{"color":"#C8D4E3"},"line":{"color":"white"}},"type":"table"}],"barpolar":[{"marker":{"line":{"color":"#E5ECF6","width":0.5},"pattern":{"fillmode":"overlay","size":10,"solidity":0.2}},"type":"barpolar"}],"pie":[{"automargin":true,"type":"pie"}]},"layout":{"autotypenumbers":"strict","colorway":["#636efa","#EF553B","#00cc96","#ab63fa","#FFA15A","#19d3f3","#FF6692","#B6E880","#FF97FF","#FECB52"],"font":{"color":"#2a3f5f"},"hovermode":"closest","hoverlabel":{"align":"left"},"paper_bgcolor":"white","plot_bgcolor":"#E5ECF6","polar":{"bgcolor":"#E5ECF6","angularaxis":{"gridcolor":"white","linecolor":"white","ticks":""},"radialaxis":{"gridcolor":"white","linecolor":"white","ticks":""}},"ternary":{"bgcolor":"#E5ECF6","aaxis":{"gridcolor":"white","linecolor":"white","ticks":""},"baxis":{"gridcolor":"white","linecolor":"white","ticks":""},"caxis":{"gridcolor":"white","linecolor":"white","ticks":""}},"coloraxis":{"colorbar":{"outlinewidth":0,"ticks":""}},"colorscale":{"sequential":[[0.0,"#0d0887"],[0.1111111111111111,"#46039f"],[0.2222222222222222,"#7201a8"],[0.3333333333333333,"#9c179e"],[0.4444444444444444,"#bd3786"],[0.5555555555555556,"#d8576b"],[0.6666666666666666,"#ed7953"],[0.7777777777777778,"#fb9f3a"],[0.8888888888888888,"#fdca26"],[1.0,"#f0f921"]],"sequentialminus":[[0.0,"#0d0887"],[0.1111111111111111,"#46039f"],[0.2222222222222222,"#7201a8"],[0.3333333333333333,"#9c179e"],[0.4444444444444444,"#bd3786"],[0.5555555555555556,"#d8576b"],[0.6666666666666666,"#ed7953"],[0.7777777777777778,"#fb9f3a"],[0.8888888888888888,"#fdca26"],[1.0,"#f0f921"]],"diverging":[[0,"#8e0152"],[0.1,"#c51b7d"],[0.2,"#de77ae"],[0.3,"#f1b6da"],[0.4,"#fde0ef"],[0.5,"#f7f7f7"],[0.6,"#e6f5d0"],[0.7,"#b8e186"],[0.8,"#7fbc41"],[0.9,"#4d9221"],[1,"#276419"]]},"xaxis":{"gridcolor":"white","linecolor":"white","ticks":"","title":{"standoff":15},"zerolinecolor":"white","automargin":true,"zerolinewidth":2},"yaxis":{"gridcolor":"white","linecolor":"white","ticks":"","title":{"standoff":15},"zerolinecolor":"white","automargin":true,"zerolinewidth":2},"scene":{"xaxis":{"backgroundcolor":"#E5ECF6","gridcolor":"white","linecolor":"white","showbackground":true,"ticks":"","zerolinecolor":"white","gridwidth":2},"yaxis":{"backgroundcolor":"#E5ECF6","gridcolor":"white","linecolor":"white","showbackground":true,"ticks":"","zerolinecolor":"white","gridwidth":2},"zaxis":{"backgroundcolor":"#E5ECF6","gridcolor":"white","linecolor":"white","showbackground":true,"ticks":"","zerolinecolor":"white","gridwidth":2}},"shapedefaults":{"line":{"color":"#2a3f5f"}},"annotationdefaults":{"arrowcolor":"#2a3f5f","arrowhead":0,"arrowwidth":1},"geo":{"bgcolor":"white","landcolor":"#E5ECF6","subunitcolor":"white","showland":true,"showlakes":true,"lakecolor":"white"},"title":{"x":0.05},"mapbox":{"style":"light"}}},"margin":{"l":0,"r":0,"b":0,"t":0}}}